-1.58722
-0.7808569
-0.9159974
-1.217985
-0.3522023
0.6763432
-1.118309
-0.3252621
1.245658
-0.3891788
0.2836189
0.3353062
0.2053758
-0.3671855
2.447778
-0.5646088
-0.5888341
-0.5486871
1.411981
0.6771501
1.34489
-0.8695525
1.31795
-0.9399383
-0.7472018
-0.6907566
-1.515868
0.419293
-0.5431407
0.2351517
0.3249573
-1.462012
-0.2317894
-1.045983
-0.07513704
-0.4141574
-0.2460893
1.047996
2.822099
-1.315545
-1.932434
-0.3530396
0.5057293
-0.2101648
-0.8180998
0.9111022
0.1608568
0.5416397
0.2619523
-1.454745
0.3171353
-0.101189
-0.2467761
-0.8313493
-0.6924204
-3.096526
-0.2064606
-1.211081
-0.9265198
-0.08565418
-0.5540889
0.3846319
-1.454322
-0.4646175
-0.3800495
0.8913261
-1.329833
-1.817559
-2.230207
0.1275597
0.03860102
-1.556951
-1.284945
-0.6962794
1.876034
-0.7812023
-1.652744
-0.2187443
-0.6986099
-1.761098
-0.9184481
-0.1531776
-1.373195
-0.6374933
-1.127001
1.160479
1.246001
-0.7495029
0.5270248
-0.5132309
0.457935
-0.1592035
-1.423676
0.6530335
-0.1641945
-0.08878666
-0.5978822
-2.845256
0.329688
-0.9513229
2.048977
-0.44343
0.1531979
-0.7697963
1.001415
-1.55428
1.49519
-2.305106
0.3571735
-1.479405
-0.386097
-1.025644
-0.02964208
-0.09056539
0.9234883
-0.6588091
0.4173238
-0.2575099
-1.791994
-0.9793145
1.317997
-1.625142
-0.6793801
0.5644567
-1.806122
0.3733436
-0.8479646
0.03033934
0.7312464
1.648977
-0.7491813
-1.083094
0.1023596
-0.4777661
0.2711871
0.8049914
-0.5135158
-0.8508171
-1.211375
-1.153443
0.8972026
0.2888961
-0.603161
-0.4442922
0.9686535
-1.049259
-0.8019068
-1.426768
0.3630314
-1.065084
-0.2259849
-0.008454402
-0.7448767
-2.169767
-2.240894
-0.7567238
1.538025
1.049536
0.3702335
-1.186724
0.658825
-0.4895317
-0.7077167
-1.814157
1.11556
-0.3771425
-2.358179
0.1361035
-0.007017889
-0.5200712
-0.2488268
1.229147
0.9431475
-0.242649
-0.08075704
0.8576845
0.07532063
-1.030886
-0.4247199
0.02367598
-2.079257
0.1539923
-1.389097
-0.5941415
-1.177256
-0.5524892
-0.247009
-0.8415128
-1.922071
0.07905995
1.486409
0.1531071
-0.2925057
-0.7801648
-1.062593
-1.925616
-1.535783
-1.036876
-2.17858
-0.009292597
0.3842311
-0.2689715
0.2472133
0.5004602
1.000494
-1.633362
0.7504873
0.02835355
0.3895448
-0.3977228
0.5133828
0.38879
0.2514778
1.182433
-0.9176644
-0.8664063
-1.618724
1.614897
-0.6837604
-0.7485629
-0.8629226
-0.8697861
-0.3991788
-0.9199854
-1.693075
0.418898
0.01948717
-1.110801
0.04020288
0.2031071
1.148395
-0.5379497
-1.261669
-1.390953
-1.311665
-2.166371
-0.4679611
-0.3489473
-1.123362
-0.2709637
-0.2714287
-2.324202
0.2463629
0.7526864
-0.5100244
0.619172
1.104844
-1.990211
-0.608624
0.02705889
-2.338439
0.2887358
0.524473
-1.564346
-2.284925
-0.1818768
0.5160069
0.5237536
0.1734054
-1.301165
-1.062927
-0.8625166
-0.03453517
0.2765686
-0.4405979
-0.3407115
0.4228342
0.9990432
0.1459643
-0.8652096
-0.349858
0.01383531
-0.8188788
-1.138011
-1.277029
1.072666
-2.916559
0.5858163
-1.783672
0.3224683
-0.7229455
-0.8643017
-0.1757335
-1.620858
-0.1774772
-0.0848825
-0.06554307
-1.203684
-1.874467
-0.9453009
-1.725109
-0.546917
-0.3008173
0.1937516
0.3282262
-0.09747501
-0.5112025
0.4145351
-1.853561
-0.1056731
0.9461625
-0.8031731
0.01324428
0.6286884
-1.537209
0.1176817
-0.8331128
1.06653
-1.352098
0.5766701
-0.7163067
-0.6900983
-1.519928
-0.02185491
-1.608917
0.009894102
-1.79719
-0.5068056
-1.24404
1.093483
0.3395545
0.4739038
-1.075273
0.7257036
0.9459342
0.4017057
1.137001
-1.024516
-1.237445
-0.8565655
-0.6589327
-0.4228179
-0.3304973
1.103948
-0.7393166
1.327048
-3.012445
-1.403273
-0.2812377
-1.425684
-0.1988997
-0.5705984
-0.6443452
-0.8384856
0.7179264
-1.175121
-0.8624159
-0.3579932
1.38373
0.2483233
0.07087921
0.966208
0.5614922
1.261476
-2.06968
-0.123615
-0.4173327
-0.9974975
-0.8440125
-0.3402426
3.189322
-0.7466665
-1.907071
-0.09589292
-0.1048476
-2.060666
-0.06633417
-0.8356963
-0.2991259
-1.938474
0.1399526
-0.2822821
-0.8705358
-1.501649
-0.1252855
0.9563209
-0.7617565
-1.524127
-0.5275559
0.8726021
-0.7185648
-1.450523
-1.17717
-1.219265
-1.287826
0.1019135
0.7415711
-1.07694
-1.96327
-1.206245
0.2659328
0.1566524
-0.4683113
0.875934
-0.8709122
0.2540557
-1.457741
-0.4008079
0.4604879
-1.366528
-0.7424827
0.05909623
0.901865
-1.48907
-1.313018
-0.67147
0.1994476
-1.373289
-1.137822
0.01126506
-2.139941
0.6072021
0.02583927
0.2197392
0.2654987
0.2165382
-0.1236523
0.8513607
-1.311755
-0.07933772
-1.576227
-1.051367
-1.082029
1.260799
0.1734336
-0.4067334
-0.5252036
0.5203544
-0.3573744
-0.1182829
-1.440205
0.3115789
1.024993
1.48472
-0.4370895
1.592498
0.9874139
0.1041561
-1.234623
0.722729
-1.439056
-0.2184213
0.1388383
-0.04484655
-0.7627806
-0.396168
0.6183089
-1.392668
-0.4468497
-0.8432528
-1.275011
-0.221663
1.974936
0.9440846
-1.155068
-0.6915397
-0.6512164
-2.405939
0.528029
-0.1342939
0.1001248
-0.3336464
-2.022198
0.176683
1.323741
-1.412692
1.321531
1.591546
-1.732081
-2.166852
0.8801192
-0.6195393
0.4173044
1.886705
1.198392
0.4946623
-1.399114
-0.9954003
0.180592
0.9633834
-1.098932
-0.2337475
-0.1446353
-0.8375056
0.02952685
-0.219483
0.5547719
0.1442411
1.511534
-1.277776
-0.8520917
0.1834162
-0.5583049
0.2898015
0.5335002
-0.001741046
0.06499692
-1.516354
0.2322255
1.94138
